client_id,round,flops
f0155_13,1,13700675584.0
f0059_21,1,11187737600.0
f0199_01,1,13425285120.0
f0246_12,1,13115470848.0
f0214_05,1,10809075712.0
f0134_33,1,8433832960.0
f0206_38,1,9328851968.0
f0132_17,1,10809075712.0
f0196_10,1,12426994688.0
f0060_43,1,9397699584.0
f0348_46,1,11153313792.0
f0012_39,1,9569818624.0
f0140_09,1,10740228096.0
f0309_42,1,10395990016.0
f0341_00,1,10705804288.0
f0261_06,1,18072499200.0
f0141_43,1,12082756608.0
f0037_16,1,12495842304.0
f0113_31,1,11704094720.0
f0293_40,1,10671380480.0
f0176_30,2,9328851968.0
f0396_05,2,7745356800.0
f0296_20,2,12323723264.0
f0262_15,2,11704094720.0
f0014_19,2,11738518528.0
f0230_04,2,10740228096.0
f0154_34,2,8709223424.0
f0041_30,2,11118889984.0
f0269_21,2,10809075712.0
f0141_43,2,12082756608.0
f0145_33,2,10327142400.0
f0193_48,2,9879632896.0
f0375_07,2,8399409152.0
f0175_47,2,10223870976.0
f0139_23,2,10843499520.0
f0079_06,2,8089594880.0
f0095_41,2,12495842304.0
f0315_31,2,13184318464.0
f0055_09,2,11566399488.0
f0163_13,2,12530266112.0
f0351_22,3,11669670912.0
f0210_17,3,10946770944.0
f0398_37,3,9432123392.0
f0142_39,3,7504390144.0
f0062_25,3,12082756608.0
f0046_20,3,13322013696.0
f0137_14,3,12254875648.0
f0053_23,3,10120599552.0
f0189_49,3,10740228096.0
f0005_26,3,10877923328.0
f0125_02,3,9604242432.0
f0273_27,3,10499261440.0
f0056_01,3,10636956672.0
f0304_23,3,11600823296.0
f0344_25,3,13253166080.0
f0052_42,3,6781490176.0
f0192_22,3,11153313792.0
f0124_11,3,11428704256.0
f0340_05,3,10327142400.0
f0168_36,3,11463128064.0
f0175_47,4,10223870976.0
f0011_13,4,13184318464.0
f0079_06,4,8089594880.0
f0075_46,4,9810785280.0
f0386_15,4,7951899648.0
f0378_12,4,6678218752.0
f0230_04,4,10740228096.0
f0070_14,4,13425285120.0
f0360_15,4,13012199424.0
f0164_32,4,13322013696.0
f0044_12,4,10636956672.0
f0352_09,4,10120599552.0
f0092_16,4,11841789952.0
f0156_09,4,12048332800.0
f0289_10,4,14389151744.0
f0193_48,4,9879632896.0
f0341_00,4,10705804288.0
f0221_37,4,10705804288.0
f0009_06,4,11704094720.0
f0041_30,4,11118889984.0
f0395_15,5,13081047040.0
f0163_13,5,12530266112.0
f0263_31,5,12220451840.0
f0119_44,5,13562980352.0
f0013_38,5,10223870976.0
f0157_12,5,11531975680.0
f0069_14,5,11772942336.0
f0221_37,5,10705804288.0
f0390_33,5,11153313792.0
f0322_19,5,7607661568.0
f0262_15,5,11704094720.0
f0194_30,5,10809075712.0
f0076_06,5,10602532864.0
f0256_08,5,13081047040.0
f0216_26,5,10086175744.0
f0132_17,5,10809075712.0
f0048_00,5,4062009344.0
f0376_05,5,11600823296.0
f0148_21,5,5748775936.0
f0240_02,5,12082756608.0
f0015_48,6,11463128064.0
f0071_21,6,9294428160.0
f0271_05,6,12186028032.0
f0258_41,6,12220451840.0
f0298_13,6,11635247104.0
f0190_12,6,13287589888.0
f0278_07,6,12323723264.0
f0106_05,6,9810785280.0
f0152_02,6,6988033024.0
f0132_17,6,10809075712.0
f0232_28,6,8881342464.0
f0208_05,6,12805656576.0
f0096_45,6,12392570880.0
f0332_15,6,12151604224.0
f0061_45,6,11050042368.0
f0257_46,6,11566399488.0
f0213_49,6,5542233088.0
f0009_06,6,11704094720.0
f0025_13,6,9845209088.0
f0381_28,6,11153313792.0
f0005_26,7,10877923328.0
f0357_21,7,10705804288.0
f0285_23,7,10809075712.0
f0050_10,7,9707513856.0
f0166_12,7,9604242432.0
f0134_33,7,8433832960.0
f0306_35,7,10774651904.0
f0183_22,7,12048332800.0
f0219_48,7,12495842304.0
f0275_17,7,11291009024.0
f0167_33,7,11084466176.0
f0292_16,7,13700675584.0
f0060_43,7,9397699584.0
f0368_39,7,11187737600.0
f0124_11,7,11428704256.0
f0380_37,7,10671380480.0
f0316_21,7,11772942336.0
f0092_16,7,11841789952.0
f0180_29,7,11566399488.0
f0288_48,7,9500971008.0
f0173_00,8,10568109056.0
f0161_16,8,12874504192.0
f0367_33,8,11394280448.0
f0087_24,8,10051751936.0
f0167_33,8,11084466176.0
f0139_23,8,10843499520.0
f0094_41,8,12702385152.0
f0314_27,8,11772942336.0
f0010_18,8,13528556544.0
f0222_06,8,10740228096.0
f0114_20,8,9328851968.0
f0256_08,8,13081047040.0
f0112_07,8,12289299456.0
f0108_12,8,12840080384.0
f0296_20,8,12323723264.0
f0372_33,8,10155023360.0
f0300_24,8,10499261440.0
f0052_42,8,6781490176.0
f0096_45,8,12392570880.0
f0324_42,8,8055171072.0
f0094_41,9,12702385152.0
f0138_30,9,9053461504.0
f0055_09,9,11566399488.0
f0271_05,9,12186028032.0
f0279_03,9,11772942336.0
f0255_48,9,12977775616.0
f0299_33,9,9604242432.0
f0241_46,9,12254875648.0
f0357_21,9,10705804288.0
f0301_33,9,11841789952.0
f0045_12,9,10155023360.0
f0277_33,9,10292718592.0
f0305_08,9,11945061376.0
f0104_43,9,11772942336.0
f0368_39,9,11187737600.0
f0200_38,9,7951899648.0
f0044_12,9,10636956672.0
f0384_36,9,11876213760.0
f0320_41,9,13218742272.0
f0316_21,9,11772942336.0
f0013_38,10,10223870976.0
f0225_20,10,10189447168.0
f0184_49,10,10120599552.0
f0060_43,10,9397699584.0
f0180_29,10,11566399488.0
f0227_27,10,11394280448.0
f0095_41,10,12495842304.0
f0155_13,10,13700675584.0
f0059_21,10,11187737600.0
f0167_33,10,11084466176.0
f0378_12,10,6678218752.0
f0394_00,10,8089594880.0
f0346_40,10,4922604544.0
f0258_41,10,12220451840.0
f0158_20,10,12082756608.0
f0138_30,10,9053461504.0
f0330_09,10,12943351808.0
f0270_23,10,7745356800.0
f0142_39,10,7504390144.0
f0230_04,10,10740228096.0
f0105_03,11,9845209088.0
f0301_33,11,11841789952.0
f0285_23,11,10809075712.0
f0157_12,11,11531975680.0
f0043_10,11,10223870976.0
f0331_41,11,9500971008.0
f0075_46,11,9810785280.0
f0219_48,11,12495842304.0
f0187_18,11,12840080384.0
f0358_32,11,11050042368.0
f0046_20,11,13322013696.0
f0134_33,11,8433832960.0
f0074_07,11,9122309120.0
f0214_05,11,10809075712.0
f0168_36,11,11463128064.0
f0092_16,11,11841789952.0
f0288_48,11,9500971008.0
f0148_21,11,5748775936.0
f0364_10,11,10086175744.0
f0072_36,11,11772942336.0
f0139_23,12,10843499520.0
f0239_15,12,11084466176.0
f0391_32,12,8743647232.0
f0374_13,12,11876213760.0
f0214_05,12,10809075712.0
f0122_45,12,9328851968.0
f0154_34,12,8709223424.0
f0384_36,12,11876213760.0
f0268_19,12,9914056704.0
f0272_13,12,9500971008.0
f0080_14,12,10017328128.0
f0092_16,12,11841789952.0
f0241_46,12,12254875648.0
f0021_34,12,9053461504.0
f0317_44,12,13012199424.0
f0397_27,12,10499261440.0
f0113_31,12,11704094720.0
f0001_41,12,12805656576.0
f0077_13,12,12702385152.0
f0329_34,12,11222161408.0
f0229_10,13,10912347136.0
f0353_18,13,8778071040.0
f0116_23,13,9500971008.0
f0164_32,13,13322013696.0
f0068_00,13,10912347136.0
f0148_21,13,5748775936.0
f0396_05,13,7745356800.0
f0298_13,13,11635247104.0
f0214_05,13,10809075712.0
f0182_29,13,7469966336.0
f0066_37,13,13287589888.0
f0134_33,13,8433832960.0
f0115_34,13,13046623232.0
f0039_14,13,11566399488.0
f0375_07,13,8399409152.0
f0275_17,13,11291009024.0
f0355_32,13,11979485184.0
f0167_33,13,11084466176.0
f0315_31,13,13184318464.0
f0043_10,13,10223870976.0
f0208_05,14,12805656576.0
f0152_02,14,6988033024.0
f0108_12,14,12840080384.0
f0324_42,14,8055171072.0
f0115_34,14,13046623232.0
f0111_36,14,10981194752.0
f0051_42,14,12289299456.0
f0015_48,14,11463128064.0
f0141_43,14,12082756608.0
f0333_01,14,9087885312.0
f0373_35,14,11876213760.0
f0069_14,14,11772942336.0
f0397_27,14,10499261440.0
f0109_19,14,9191156736.0
f0006_12,14,11772942336.0
f0234_16,14,10464837632.0
f0394_00,14,8089594880.0
f0186_14,14,10327142400.0
f0342_31,14,11428704256.0
f0206_38,14,9328851968.0
f0230_04,15,10740228096.0
f0094_41,15,12702385152.0
f0200_38,15,7951899648.0
f0036_39,15,11910637568.0
f0116_23,15,9500971008.0
f0244_47,15,9500971008.0
f0172_40,15,12736808960.0
f0235_17,15,9604242432.0
f0099_18,15,13115470848.0
f0107_06,15,12117180416.0
f0383_43,15,11428704256.0
f0335_14,15,13253166080.0
f0369_34,15,9948480512.0
f0377_25,15,11635247104.0
f0373_35,15,11876213760.0
f0005_26,15,10877923328.0
f0213_49,15,5542233088.0
f0169_09,15,7091304448.0
f0285_23,15,10809075712.0
f0085_01,15,11463128064.0
f0184_49,16,10120599552.0
f0076_06,16,10602532864.0
f0168_36,16,11463128064.0
f0390_33,16,11153313792.0
f0058_07,16,10740228096.0
f0046_20,16,13322013696.0
f0106_05,16,9810785280.0
f0174_06,16,12013908992.0
f0309_42,16,10395990016.0
f0133_23,16,10981194752.0
f0037_16,16,12495842304.0
f0053_23,16,10120599552.0
f0065_00,16,11772942336.0
f0305_08,16,11945061376.0
f0103_28,16,11050042368.0
f0203_21,16,13218742272.0
f0067_25,16,7848628224.0
f0323_17,16,10155023360.0
f0063_38,16,12805656576.0
f0107_06,16,12117180416.0
f0356_41,17,11463128064.0
f0344_25,17,13253166080.0
f0028_05,17,12392570880.0
f0389_38,17,11463128064.0
f0029_05,17,7676509184.0
f0109_19,17,9191156736.0
f0125_02,17,9604242432.0
f0113_31,17,11704094720.0
f0319_32,17,9914056704.0
f0151_02,17,9810785280.0
f0055_09,17,11566399488.0
f0243_29,17,12461418496.0
f0179_22,17,10223870976.0
f0106_05,17,9810785280.0
f0078_48,17,11428704256.0
f0358_32,17,11050042368.0
f0098_33,17,11359856640.0
f0254_46,17,13322013696.0
f0162_02,17,9810785280.0
f0314_27,17,11772942336.0
f0075_46,18,9810785280.0
f0327_43,18,12495842304.0
f0303_00,18,12220451840.0
f0245_40,18,12013908992.0
f0341_00,18,10705804288.0
f0085_01,18,11463128064.0
f0357_21,18,10705804288.0
f0109_19,18,9191156736.0
f0338_35,18,11600823296.0
f0202_09,18,10602532864.0
f0350_03,18,10499261440.0
f0046_20,18,13322013696.0
f0342_31,18,11428704256.0
f0328_12,18,12736808960.0
f0316_21,18,11772942336.0
f0188_36,18,12426994688.0
f0392_15,18,12151604224.0
f0296_20,18,12323723264.0
f0132_17,18,10809075712.0
f0220_49,18,10155023360.0
f0010_18,19,13528556544.0
f0034_08,19,11669670912.0
f0162_02,19,9810785280.0
f0228_36,19,9397699584.0
f0364_10,19,10086175744.0
f0092_16,19,11841789952.0
f0196_10,19,12426994688.0
f0064_04,19,11015618560.0
f0261_06,19,18072499200.0
f0105_03,19,9845209088.0
f0013_38,19,10223870976.0
f0169_09,19,7091304448.0
f0289_10,19,14389151744.0
f0179_22,19,10223870976.0
f0011_13,19,13184318464.0
f0343_35,19,11325432832.0
f0307_12,19,11153313792.0
f0191_22,19,11222161408.0
f0299_33,19,9604242432.0
f0231_43,19,9122309120.0
f0001_41,20,12805656576.0
f0385_18,20,11772942336.0
f0157_12,20,11531975680.0
f0065_00,20,11772942336.0
f0212_24,20,10051751936.0
f0196_10,20,12426994688.0
f0356_41,20,11463128064.0
f0156_09,20,12048332800.0
f0120_29,20,9328851968.0
f0147_13,20,10981194752.0
f0059_21,20,11187737600.0
f0095_41,20,12495842304.0
f0355_32,20,11979485184.0
f0131_03,20,9328851968.0
f0178_39,20,10843499520.0
f0194_30,20,10809075712.0
f0330_09,20,12943351808.0
f0274_49,20,10946770944.0
f0082_40,20,9535394816.0
f0346_40,20,4922604544.0
f0235_17,21,9604242432.0
f0233_14,21,10223870976.0
f0169_09,21,7091304448.0
f0253_40,21,11772942336.0
f0016_39,21,9673090048.0
f0328_12,21,12736808960.0
f0112_07,21,12289299456.0
f0200_38,21,7951899648.0
f0064_04,21,11015618560.0
f0188_36,21,12426994688.0
f0070_14,21,13425285120.0
f0134_33,21,8433832960.0
f0246_12,21,13115470848.0
f0154_34,21,8709223424.0
f0282_04,21,10533685248.0
f0318_44,21,11910637568.0
f0382_03,21,11635247104.0
f0186_14,21,10327142400.0
f0178_39,21,10843499520.0
f0106_05,21,9810785280.0
f0259_41,22,10946770944.0
f0395_15,22,13081047040.0
f0131_03,22,9328851968.0
f0008_45,22,12977775616.0
f0268_19,22,9914056704.0
f0004_09,22,9776361472.0
f0368_39,22,11187737600.0
f0118_07,22,12667961344.0
f0242_22,22,12530266112.0
f0162_02,22,9810785280.0
f0070_14,22,13425285120.0
f0186_14,22,10327142400.0
f0370_20,22,11600823296.0
f0209_30,22,6574947328.0
f0229_10,22,10912347136.0
f0105_03,22,9845209088.0
f0305_08,22,11945061376.0
f0301_33,22,11841789952.0
f0121_11,22,11497551872.0
f0161_16,22,12874504192.0
f0261_06,23,18072499200.0
f0281_47,23,13149894656.0
f0161_16,23,12874504192.0
f0346_40,23,4922604544.0
f0378_12,23,6678218752.0
f0170_40,23,12082756608.0
f0122_45,23,9328851968.0
f0260_38,23,11807366144.0
f0228_36,23,9397699584.0
f0120_29,23,9328851968.0
f0380_37,23,10671380480.0
f0088_22,23,10223870976.0
f0011_13,23,13184318464.0
f0247_12,23,4853756928.0
f0267_24,23,12151604224.0
f0367_33,23,11394280448.0
f0111_36,23,10981194752.0
f0087_24,23,10051751936.0
f0299_33,23,9604242432.0
f0327_43,23,12495842304.0
f0091_26,24,11359856640.0
f0339_11,24,10258294784.0
f0009_06,24,11704094720.0
f0121_11,24,11497551872.0
f0305_08,24,11945061376.0
f0105_03,24,9845209088.0
f0106_05,24,9810785280.0
f0010_18,24,13528556544.0
f0242_22,24,12530266112.0
f0086_47,24,9741937664.0
f0322_19,24,7607661568.0
f0190_12,24,13287589888.0
f0364_10,24,10086175744.0
f0100_42,24,10774651904.0
f0024_24,24,11600823296.0
f0172_40,24,12736808960.0
f0020_08,24,11497551872.0
f0384_36,24,11876213760.0
f0196_10,24,12426994688.0
f0016_39,24,9673090048.0
f0185_23,25,12220451840.0
f0173_00,25,10568109056.0
f0393_18,25,11015618560.0
f0096_45,25,12392570880.0
f0380_37,25,10671380480.0
f0232_28,25,8881342464.0
f0256_08,25,13081047040.0
f0012_39,25,9569818624.0
f0118_07,25,12667961344.0
f0250_37,25,7745356800.0
f0334_01,25,8502680576.0
f0386_15,25,7951899648.0
f0050_10,25,9707513856.0
f0262_15,25,11704094720.0
f0283_31,25,9432123392.0
f0139_23,25,10843499520.0
f0311_48,25,9741937664.0
f0175_47,25,10223870976.0
f0251_00,25,11394280448.0
f0275_17,25,11291009024.0
f0357_21,26,10705804288.0
f0065_00,26,11772942336.0
f0189_49,26,10740228096.0
f0370_20,26,11600823296.0
f0258_41,26,12220451840.0
f0034_08,26,11669670912.0
f0066_37,26,13287589888.0
f0128_00,26,10292718592.0
f0080_14,26,10017328128.0
f0352_09,26,10120599552.0
f0144_05,26,11497551872.0
f0048_00,26,4062009344.0
f0019_38,26,11704094720.0
f0099_18,26,13115470848.0
f0043_10,26,10223870976.0
f0091_26,26,11359856640.0
f0375_07,26,8399409152.0
f0059_21,26,11187737600.0
f0079_06,26,8089594880.0
f0243_29,26,12461418496.0
f0143_00,27,12254875648.0
f0203_21,27,13218742272.0
f0091_26,27,11359856640.0
f0003_42,27,12323723264.0
f0041_30,27,11118889984.0
f0149_15,27,9673090048.0
f0385_18,27,11772942336.0
f0329_34,27,11222161408.0
f0272_13,27,9500971008.0
f0316_21,27,11772942336.0
f0256_08,27,13081047040.0
f0192_22,27,11153313792.0
f0344_25,27,13253166080.0
f0332_15,27,12151604224.0
f0310_32,27,11841789952.0
f0370_20,27,11600823296.0
f0022_10,27,10361566208.0
f0186_14,27,10327142400.0
f0390_33,27,11153313792.0
f0030_12,27,8812494848.0
f0313_43,28,10292718592.0
f0105_03,28,9845209088.0
f0317_44,28,13012199424.0
f0021_34,28,9053461504.0
f0035_19,28,12908928000.0
f0183_22,28,12048332800.0
f0079_06,28,8089594880.0
f0135_03,28,11463128064.0
f0220_49,28,10155023360.0
f0388_26,28,9260004352.0
f0132_17,28,10809075712.0
f0276_07,28,11050042368.0
f0264_18,28,11635247104.0
f0042_43,28,10223870976.0
f0194_30,28,10809075712.0
f0166_12,28,9604242432.0
f0082_40,28,9535394816.0
f0130_28,28,11704094720.0
f0018_13,28,11876213760.0
f0358_32,28,11050042368.0
f0116_23,29,9500971008.0
f0280_20,29,11841789952.0
f0076_06,29,10602532864.0
f0059_21,29,11187737600.0
f0291_06,29,10464837632.0
f0343_35,29,11325432832.0
f0398_37,29,9432123392.0
f0338_35,29,11600823296.0
f0134_33,29,8433832960.0
f0202_09,29,10602532864.0
f0342_31,29,11428704256.0
f0150_25,29,11187737600.0
f0025_13,29,9845209088.0
f0069_14,29,11772942336.0
f0013_38,29,10223870976.0
f0149_15,29,9673090048.0
f0245_40,29,12013908992.0
f0357_21,29,10705804288.0
f0233_14,29,10223870976.0
f0305_08,29,11945061376.0
f0215_32,30,9500971008.0
f0223_49,30,8743647232.0
f0307_12,30,11153313792.0
f0169_09,30,7091304448.0
f0145_33,30,10327142400.0
f0225_20,30,10189447168.0
f0193_48,30,9879632896.0
f0090_10,30,12495842304.0
f0086_47,30,9741937664.0
f0050_10,30,9707513856.0
f0194_30,30,10809075712.0
f0122_45,30,9328851968.0
f0282_04,30,10533685248.0
f0372_33,30,10155023360.0
f0200_38,30,7951899648.0
f0212_24,30,10051751936.0
f0136_18,30,10946770944.0
f0148_21,30,5748775936.0
f0312_43,30,12908928000.0
f0064_04,30,11015618560.0
f0386_15,31,7951899648.0
f0022_10,31,10361566208.0
f0330_09,31,12943351808.0
f0014_19,31,11738518528.0
f0268_19,31,9914056704.0
f0360_15,31,13012199424.0
f0344_25,31,13253166080.0
f0032_27,31,8640375808.0
f0100_42,31,10774651904.0
f0197_34,31,12908928000.0
f0209_30,31,6574947328.0
f0285_23,31,10809075712.0
f0265_39,31,11738518528.0
f0201_34,31,10602532864.0
f0307_12,31,11153313792.0
f0367_33,31,11394280448.0
f0111_36,31,10981194752.0
f0059_21,31,11187737600.0
f0123_28,31,11428704256.0
f0007_14,31,11635247104.0
f0106_05,32,9810785280.0
f0187_18,32,12840080384.0
f0191_22,32,11222161408.0
f0235_17,32,9604242432.0
f0223_49,32,8743647232.0
f0291_06,32,10464837632.0
f0127_07,32,12013908992.0
f0069_14,32,11772942336.0
f0257_46,32,11566399488.0
f0145_33,32,10327142400.0
f0277_33,32,10292718592.0
f0057_20,32,12048332800.0
f0281_47,32,13149894656.0
f0336_37,32,8984613888.0
f0360_15,32,13012199424.0
f0156_09,32,12048332800.0
f0248_43,32,9122309120.0
f0148_21,32,5748775936.0
f0380_37,32,10671380480.0
f0244_47,32,9500971008.0
f0233_14,33,10223870976.0
f0309_42,33,10395990016.0
f0053_23,33,10120599552.0
f0017_07,33,13149894656.0
f0363_43,33,4991452160.0
f0035_19,33,12908928000.0
f0327_43,33,12495842304.0
f0043_10,33,10223870976.0
f0216_26,33,10086175744.0
f0332_15,33,12151604224.0
f0328_12,33,12736808960.0
f0148_21,33,5748775936.0
f0008_45,33,12977775616.0
f0126_41,33,8984613888.0
f0150_25,33,11187737600.0
f0350_03,33,10499261440.0
f0154_34,33,8709223424.0
f0190_12,33,13287589888.0
f0022_10,33,10361566208.0
f0210_17,33,10946770944.0
f0002_01,34,12530266112.0
f0154_34,34,8709223424.0
f0294_18,34,4096433152.0
f0239_15,34,11084466176.0
f0159_14,34,12289299456.0
f0091_26,34,11359856640.0
f0319_32,34,9914056704.0
f0140_09,34,10740228096.0
f0240_02,34,12082756608.0
f0032_27,34,8640375808.0
f0384_36,34,11876213760.0
f0280_20,34,11841789952.0
f0393_18,34,11015618560.0
f0045_12,34,10155023360.0
f0381_28,34,11153313792.0
f0249_46,34,10017328128.0
f0377_25,34,11635247104.0
f0021_34,34,9053461504.0
f0069_14,34,11772942336.0
f0089_16,34,11428704256.0
f0032_27,35,8640375808.0
f0244_47,35,9500971008.0
f0132_17,35,10809075712.0
f0164_32,35,13322013696.0
f0235_17,35,9604242432.0
f0327_43,35,12495842304.0
f0259_41,35,10946770944.0
f0095_41,35,12495842304.0
f0111_36,35,10981194752.0
f0378_12,35,6678218752.0
f0286_16,35,11428704256.0
f0266_14,35,11635247104.0
f0070_14,35,13425285120.0
f0030_12,35,8812494848.0
f0121_11,35,11497551872.0
f0057_20,35,12048332800.0
f0177_16,35,8192866304.0
f0201_34,35,10602532864.0
f0033_49,35,10464837632.0
f0017_07,35,13149894656.0
f0307_12,36,11153313792.0
f0291_06,36,10464837632.0
f0012_39,36,9569818624.0
f0204_21,36,10981194752.0
f0192_22,36,11153313792.0
f0132_17,36,10809075712.0
f0048_00,36,4062009344.0
f0302_47,36,12392570880.0
f0138_30,36,9053461504.0
f0274_49,36,10946770944.0
f0002_01,36,12530266112.0
f0050_10,36,9707513856.0
f0134_33,36,8433832960.0
f0117_11,36,11635247104.0
f0369_34,36,9948480512.0
f0293_40,36,10671380480.0
f0385_18,36,11772942336.0
f0157_12,36,11531975680.0
f0037_16,36,12495842304.0
f0229_10,36,10912347136.0
f0390_33,37,11153313792.0
f0174_06,37,12013908992.0
f0042_43,37,10223870976.0
f0040_25,37,11635247104.0
f0164_32,37,13322013696.0
f0312_43,37,12908928000.0
f0004_09,37,9776361472.0
f0109_19,37,9191156736.0
f0381_28,37,11153313792.0
f0361_07,37,12874504192.0
f0177_16,37,8192866304.0
f0017_07,37,13149894656.0
f0295_17,37,11841789952.0
f0127_07,37,12013908992.0
f0375_07,37,8399409152.0
f0031_02,37,12633537536.0
f0067_25,37,7848628224.0
f0143_00,37,12254875648.0
f0175_47,37,10223870976.0
f0203_21,37,13218742272.0
f0126_41,38,8984613888.0
f0218_04,38,11463128064.0
f0069_14,38,11772942336.0
f0205_15,38,10292718592.0
f0317_44,38,13012199424.0
f0381_28,38,11153313792.0
f0289_10,38,14389151744.0
f0080_14,38,10017328128.0
f0096_45,38,12392570880.0
f0040_25,38,11635247104.0
f0004_09,38,9776361472.0
f0168_36,38,11463128064.0
f0276_07,38,11050042368.0
f0083_09,38,9914056704.0
f0063_38,38,12805656576.0
f0059_21,38,11187737600.0
f0323_17,38,10155023360.0
f0115_34,38,13046623232.0
f0087_24,38,10051751936.0
f0167_33,38,11084466176.0
f0030_12,39,8812494848.0
f0186_14,39,10327142400.0
f0382_03,39,11635247104.0
f0232_28,39,8881342464.0
f0372_33,39,10155023360.0
f0312_43,39,12908928000.0
f0140_09,39,10740228096.0
f0388_26,39,9260004352.0
f0333_01,39,9087885312.0
f0185_23,39,12220451840.0
f0169_09,39,7091304448.0
f0213_49,39,5542233088.0
f0337_24,39,13494132736.0
f0119_44,39,13562980352.0
f0071_21,39,9294428160.0
f0039_14,39,11566399488.0
f0339_11,39,10258294784.0
f0079_06,39,8089594880.0
f0047_00,39,12254875648.0
f0043_10,39,10223870976.0
f0119_44,40,13562980352.0
f0001_41,40,12805656576.0
f0309_42,40,10395990016.0
f0021_34,40,9053461504.0
f0029_05,40,7676509184.0
f0264_18,40,11635247104.0
f0204_21,40,10981194752.0
f0044_12,40,10636956672.0
f0084_19,40,8020747264.0
f0248_43,40,9122309120.0
f0028_05,40,12392570880.0
f0124_11,40,11428704256.0
f0026_17,40,11256585216.0
f0238_02,40,9638666240.0
f0046_20,40,13322013696.0
f0250_37,40,7745356800.0
f0290_29,40,10981194752.0
f0062_25,40,12082756608.0
f0070_14,40,13425285120.0
f0234_16,40,10464837632.0
f0282_04,41,10533685248.0
f0054_14,41,13287589888.0
f0342_31,41,11428704256.0
f0245_40,41,12013908992.0
f0057_20,41,12048332800.0
f0285_23,41,10809075712.0
f0221_37,41,10705804288.0
f0247_12,41,4853756928.0
f0255_48,41,12977775616.0
f0207_46,41,12117180416.0
f0011_13,41,13184318464.0
f0315_31,41,13184318464.0
f0392_15,41,12151604224.0
f0140_09,41,10740228096.0
f0160_11,41,10843499520.0
f0164_32,41,13322013696.0
f0384_36,41,11876213760.0
f0380_37,41,10671380480.0
f0228_36,41,9397699584.0
f0032_27,41,8640375808.0
f0038_42,42,10774651904.0
f0258_41,42,12220451840.0
f0018_13,42,11876213760.0
f0147_13,42,10981194752.0
f0263_31,42,12220451840.0
f0219_48,42,12495842304.0
f0391_32,42,8743647232.0
f0248_43,42,9122309120.0
f0188_36,42,12426994688.0
f0324_42,42,8055171072.0
f0000_14,42,11841789952.0
f0308_10,42,10051751936.0
f0156_09,42,12048332800.0
f0109_19,42,9191156736.0
f0341_00,42,10705804288.0
f0189_49,42,10740228096.0
f0065_00,42,11772942336.0
f0381_28,42,11153313792.0
f0009_06,42,11704094720.0
f0081_26,42,10533685248.0
f0092_16,43,11841789952.0
f0152_02,43,6988033024.0
f0044_12,43,10636956672.0
f0140_09,43,10740228096.0
f0397_27,43,10499261440.0
f0129_32,43,9466547200.0
f0045_12,43,10155023360.0
f0377_25,43,11635247104.0
f0322_19,43,7607661568.0
f0390_33,43,11153313792.0
f0254_46,43,13322013696.0
f0310_32,43,11841789952.0
f0030_12,43,8812494848.0
f0090_10,43,12495842304.0
f0115_34,43,13046623232.0
f0179_22,43,10223870976.0
f0343_35,43,11325432832.0
f0095_41,43,12495842304.0
f0123_28,43,11428704256.0
f0131_03,43,9328851968.0
f0252_30,44,12495842304.0
f0288_48,44,9500971008.0
f0244_47,44,9500971008.0
f0260_38,44,11807366144.0
f0131_03,44,9328851968.0
f0255_48,44,12977775616.0
f0123_28,44,11428704256.0
f0183_22,44,12048332800.0
f0134_33,44,8433832960.0
f0126_41,44,8984613888.0
f0026_17,44,11256585216.0
f0142_39,44,7504390144.0
f0118_07,44,12667961344.0
f0333_01,44,9087885312.0
f0377_25,44,11635247104.0
f0229_10,44,10912347136.0
f0245_40,44,12013908992.0
f0121_11,44,11497551872.0
f0345_23,44,12082756608.0
f0045_12,44,10155023360.0
f0360_15,45,13012199424.0
f0140_09,45,10740228096.0
f0116_23,45,9500971008.0
f0332_15,45,12151604224.0
f0249_46,45,10017328128.0
f0381_28,45,11153313792.0
f0189_49,45,10740228096.0
f0073_45,45,10292718592.0
f0187_18,45,12840080384.0
f0195_27,45,8020747264.0
f0283_31,45,9432123392.0
f0015_48,45,11463128064.0
f0191_22,45,11222161408.0
f0258_41,45,12220451840.0
f0326_35,45,11772942336.0
f0034_08,45,11669670912.0
f0038_42,45,10774651904.0
f0206_38,45,9328851968.0
f0242_22,45,12530266112.0
f0058_07,45,10740228096.0
f0019_38,46,11704094720.0
f0359_05,46,12392570880.0
f0187_18,46,12840080384.0
f0308_10,46,10051751936.0
f0072_36,46,11772942336.0
f0336_37,46,8984613888.0
f0084_19,46,8020747264.0
f0313_43,46,10292718592.0
f0253_40,46,11772942336.0
f0321_36,46,12013908992.0
f0197_34,46,12908928000.0
f0081_26,46,10533685248.0
f0166_12,46,9604242432.0
f0034_08,46,11669670912.0
f0086_47,46,9741937664.0
f0054_14,46,13287589888.0
f0286_16,46,11428704256.0
f0386_15,46,7951899648.0
f0266_14,46,11635247104.0
f0070_14,46,13425285120.0
f0083_09,47,9914056704.0
f0095_41,47,12495842304.0
f0185_23,47,12220451840.0
f0353_18,47,8778071040.0
f0113_31,47,11704094720.0
f0205_15,47,10292718592.0
f0000_14,47,11841789952.0
f0252_30,47,12495842304.0
f0336_37,47,8984613888.0
f0116_23,47,9500971008.0
f0332_15,47,12151604224.0
f0214_05,47,10809075712.0
f0190_12,47,13287589888.0
f0378_12,47,6678218752.0
f0170_40,47,12082756608.0
f0006_12,47,11772942336.0
f0050_10,47,9707513856.0
f0198_18,47,9948480512.0
f0154_34,47,8709223424.0
f0266_14,47,11635247104.0
f0113_31,48,11704094720.0
f0177_16,48,8192866304.0
f0381_28,48,11153313792.0
f0229_10,48,10912347136.0
f0140_09,48,10740228096.0
f0112_07,48,12289299456.0
f0236_17,48,9191156736.0
f0364_10,48,10086175744.0
f0211_26,48,12667961344.0
f0259_41,48,10946770944.0
f0167_33,48,11084466176.0
f0147_13,48,10981194752.0
f0151_02,48,9810785280.0
f0347_04,48,12771232768.0
f0218_04,48,11463128064.0
f0094_41,48,12702385152.0
f0386_15,48,7951899648.0
f0134_33,48,8433832960.0
f0258_41,48,12220451840.0
f0046_20,48,13322013696.0
f0061_45,49,11050042368.0
f0057_20,49,12048332800.0
f0185_23,49,12220451840.0
f0181_31,49,12048332800.0
f0070_14,49,13425285120.0
f0170_40,49,12082756608.0
f0014_19,49,11738518528.0
f0310_32,49,11841789952.0
f0154_34,49,8709223424.0
f0144_05,49,11497551872.0
f0084_19,49,8020747264.0
f0276_07,49,11050042368.0
f0024_24,49,11600823296.0
f0244_47,49,9500971008.0
f0299_33,49,9604242432.0
f0395_15,49,13081047040.0
f0351_22,49,11669670912.0
f0331_41,49,9500971008.0
f0327_43,49,12495842304.0
f0383_43,49,11428704256.0
f0279_03,50,11772942336.0
f0267_24,50,12151604224.0
f0227_27,50,11394280448.0
f0030_12,50,8812494848.0
f0074_07,50,9122309120.0
f0226_08,50,11153313792.0
f0102_31,50,12908928000.0
f0212_24,50,10051751936.0
f0332_15,50,12151604224.0
f0188_36,50,12426994688.0
f0032_27,50,8640375808.0
f0304_23,50,11600823296.0
f0264_18,50,11635247104.0
f0197_34,50,12908928000.0
f0009_06,50,11704094720.0
f0065_00,50,11772942336.0
f0373_35,50,11876213760.0
f0205_15,50,10292718592.0
f0093_24,50,9432123392.0
f0341_00,50,10705804288.0
f0265_39,51,11738518528.0
f0077_13,51,12702385152.0
f0337_24,51,13494132736.0
f0048_00,51,4062009344.0
f0236_17,51,9191156736.0
f0028_05,51,12392570880.0
f0272_13,51,9500971008.0
f0320_41,51,13218742272.0
f0130_28,51,11704094720.0
f0286_16,51,11428704256.0
f0194_30,51,10809075712.0
f0266_14,51,11635247104.0
f0030_12,51,8812494848.0
f0354_10,51,7125728256.0
f0047_00,51,12254875648.0
f0007_14,51,11635247104.0
f0127_07,51,12013908992.0
f0287_15,51,12426994688.0
f0163_13,51,12530266112.0
f0191_22,51,11222161408.0
f0092_16,52,11841789952.0
f0204_21,52,10981194752.0
f0180_29,52,11566399488.0
f0252_30,52,12495842304.0
f0147_13,52,10981194752.0
f0143_00,52,12254875648.0
f0187_18,52,12840080384.0
f0295_17,52,11841789952.0
f0033_49,52,10464837632.0
f0161_16,52,12874504192.0
f0117_11,52,11635247104.0
f0017_07,52,13149894656.0
f0337_24,52,13494132736.0
f0185_23,52,12220451840.0
f0150_25,52,11187737600.0
f0366_08,52,10740228096.0
f0286_16,52,11428704256.0
f0218_04,52,11463128064.0
f0034_08,52,11669670912.0
f0030_12,52,8812494848.0
f0217_16,53,10017328128.0
f0117_11,53,11635247104.0
f0016_39,53,9673090048.0
f0260_38,53,11807366144.0
f0344_25,53,13253166080.0
f0059_21,53,11187737600.0
f0267_24,53,12151604224.0
f0223_49,53,8743647232.0
f0047_00,53,12254875648.0
f0283_31,53,9432123392.0
f0167_33,53,11084466176.0
f0182_29,53,7469966336.0
f0018_13,53,11876213760.0
f0170_40,53,12082756608.0
f0330_09,53,12943351808.0
f0390_33,53,11153313792.0
f0078_48,53,11428704256.0
f0070_14,53,13425285120.0
f0114_20,53,9328851968.0
f0158_20,53,12082756608.0
f0086_47,54,9741937664.0
f0278_07,54,12323723264.0
f0378_12,54,6678218752.0
f0148_21,54,5748775936.0
f0340_05,54,10327142400.0
f0348_46,54,11153313792.0
f0304_23,54,11600823296.0
f0320_41,54,13218742272.0
f0385_18,54,11772942336.0
f0065_00,54,11772942336.0
f0345_23,54,12082756608.0
f0105_03,54,9845209088.0
f0365_07,54,8812494848.0
f0137_14,54,12254875648.0
f0283_31,54,9432123392.0
f0055_09,54,11566399488.0
f0071_21,54,9294428160.0
f0111_36,54,10981194752.0
f0255_48,54,12977775616.0
f0207_46,54,12117180416.0
f0264_18,55,11635247104.0
f0260_38,55,11807366144.0
f0319_32,55,9914056704.0
f0363_43,55,4991452160.0
f0063_38,55,12805656576.0
f0043_10,55,10223870976.0
f0325_17,55,10912347136.0
f0109_19,55,9191156736.0
f0173_00,55,10568109056.0
f0253_40,55,11772942336.0
f0149_15,55,9673090048.0
f0309_42,55,10395990016.0
f0057_20,55,12048332800.0
f0146_33,55,9638666240.0
f0326_35,55,11772942336.0
f0094_41,55,12702385152.0
f0178_39,55,10843499520.0
f0034_08,55,11669670912.0
f0014_19,55,11738518528.0
f0062_25,55,12082756608.0
f0329_34,56,11222161408.0
f0273_27,56,10499261440.0
f0108_12,56,12840080384.0
f0024_24,56,11600823296.0
f0328_12,56,12736808960.0
f0016_39,56,9673090048.0
f0360_15,56,13012199424.0
f0363_43,56,4991452160.0
f0039_14,56,11566399488.0
f0159_14,56,12289299456.0
f0139_23,56,10843499520.0
f0063_38,56,12805656576.0
f0390_33,56,11153313792.0
f0362_44,56,11841789952.0
f0026_17,56,11256585216.0
f0378_12,56,6678218752.0
f0290_29,56,10981194752.0
f0138_30,56,9053461504.0
f0006_12,56,11772942336.0
f0142_39,56,7504390144.0
f0349_40,57,9948480512.0
f0033_49,57,10464837632.0
f0041_30,57,11118889984.0
f0028_05,57,12392570880.0
f0132_17,57,10809075712.0
f0232_28,57,8881342464.0
f0120_29,57,9328851968.0
f0170_40,57,12082756608.0
f0310_32,57,11841789952.0
f0234_16,57,10464837632.0
f0114_20,57,9328851968.0
f0039_14,57,11566399488.0
f0203_21,57,13218742272.0
f0231_43,57,9122309120.0
f0055_09,57,11566399488.0
f0363_43,57,4991452160.0
f0331_41,57,9500971008.0
f0195_27,57,8020747264.0
f0327_43,57,12495842304.0
f0375_07,57,8399409152.0
f0029_05,58,7676509184.0
f0321_36,58,12013908992.0
f0285_23,58,10809075712.0
f0336_37,58,8984613888.0
f0024_24,58,11600823296.0
f0268_19,58,9914056704.0
f0052_42,58,6781490176.0
f0112_07,58,12289299456.0
f0026_17,58,11256585216.0
f0010_18,58,13528556544.0
f0338_35,58,11600823296.0
f0222_06,58,10740228096.0
f0094_41,58,12702385152.0
f0143_00,58,12254875648.0
f0227_27,58,11394280448.0
f0203_21,58,13218742272.0
f0335_14,58,13253166080.0
f0251_00,58,11394280448.0
f0103_28,58,11050042368.0
f0323_17,58,10155023360.0
f0260_38,59,11807366144.0
f0396_05,59,7745356800.0
f0189_49,59,10740228096.0
f0241_46,59,12254875648.0
f0178_39,59,10843499520.0
f0122_45,59,9328851968.0
f0190_12,59,13287589888.0
f0126_41,59,8984613888.0
f0106_05,59,9810785280.0
f0346_40,59,4922604544.0
f0083_09,59,9914056704.0
f0343_35,59,11325432832.0
f0395_15,59,13081047040.0
f0359_05,59,12392570880.0
f0227_27,59,11394280448.0
f0191_22,59,11222161408.0
f0215_32,59,9500971008.0
f0179_22,59,10223870976.0
f0267_24,59,12151604224.0
f0287_15,59,12426994688.0
f0246_12,60,13115470848.0
f0326_35,60,11772942336.0
f0214_05,60,10809075712.0
f0318_44,60,11910637568.0
f0241_46,60,12254875648.0
f0085_01,60,11463128064.0
f0105_03,60,9845209088.0
f0233_14,60,10223870976.0
f0125_02,60,9604242432.0
f0123_28,60,11428704256.0
f0059_21,60,11187737600.0
f0051_42,60,12289299456.0
f0263_31,60,12220451840.0
f0031_02,60,12633537536.0
f0308_10,60,10051751936.0
f0388_26,60,9260004352.0
f0216_26,60,10086175744.0
f0108_12,60,12840080384.0
f0292_16,60,13700675584.0
f0088_22,60,10223870976.0
f0241_46,61,12254875648.0
f0293_40,61,10671380480.0
f0237_46,61,9673090048.0
f0277_33,61,10292718592.0
f0158_20,61,12082756608.0
f0178_39,61,10843499520.0
f0078_48,61,11428704256.0
f0330_09,61,12943351808.0
f0020_08,61,11497551872.0
f0316_21,61,11772942336.0
f0324_42,61,8055171072.0
f0272_13,61,9500971008.0
f0292_16,61,13700675584.0
f0267_24,61,12151604224.0
f0199_01,61,13425285120.0
f0107_06,61,12117180416.0
f0119_44,61,13562980352.0
f0359_05,61,12392570880.0
f0259_41,61,10946770944.0
f0079_06,61,8089594880.0
f0392_15,62,12151604224.0
f0088_22,62,10223870976.0
f0040_25,62,11635247104.0
f0259_41,62,10946770944.0
f0375_07,62,8399409152.0
f0295_17,62,11841789952.0
f0111_36,62,10981194752.0
f0009_06,62,11704094720.0
f0373_35,62,11876213760.0
f0125_02,62,9604242432.0
f0365_07,62,8812494848.0
f0353_18,62,8778071040.0
f0138_30,62,9053461504.0
f0278_07,62,12323723264.0
f0166_12,62,9604242432.0
f0314_27,62,11772942336.0
f0330_09,62,12943351808.0
f0046_20,62,13322013696.0
f0134_33,62,8433832960.0
f0066_37,62,13287589888.0
f0006_12,63,11772942336.0
f0254_46,63,13322013696.0
f0356_41,63,11463128064.0
f0096_45,63,12392570880.0
f0300_24,63,10499261440.0
f0116_23,63,9500971008.0
f0375_07,63,8399409152.0
f0339_11,63,10258294784.0
f0139_23,63,10843499520.0
f0131_03,63,9328851968.0
f0235_17,63,9604242432.0
f0213_49,63,5542233088.0
f0269_21,63,10809075712.0
f0241_46,63,12254875648.0
f0137_14,63,12254875648.0
f0325_17,63,10912347136.0
f0321_36,63,12013908992.0
f0261_06,63,18072499200.0
f0357_21,63,10705804288.0
f0353_18,63,8778071040.0
f0314_27,64,11772942336.0
f0298_13,64,11635247104.0
f0114_20,64,9328851968.0
f0193_48,64,9879632896.0
f0373_35,64,11876213760.0
f0381_28,64,11153313792.0
f0145_33,64,10327142400.0
f0244_47,64,9500971008.0
f0384_36,64,11876213760.0
f0156_09,64,12048332800.0
f0052_42,64,6781490176.0
f0284_34,64,12564689920.0
f0292_16,64,13700675584.0
f0095_41,64,12495842304.0
f0115_34,64,13046623232.0
f0183_22,64,12048332800.0
f0307_12,64,11153313792.0
f0195_27,64,8020747264.0
f0211_26,64,12667961344.0
f0151_02,64,9810785280.0
f0259_41,65,10946770944.0
f0247_12,65,4853756928.0
f0265_39,65,11738518528.0
f0297_05,65,11945061376.0
f0249_46,65,10017328128.0
f0133_23,65,10981194752.0
f0056_01,65,10636956672.0
f0124_11,65,11428704256.0
f0068_00,65,10912347136.0
f0356_41,65,11463128064.0
f0296_20,65,12323723264.0
f0064_04,65,11015618560.0
f0324_42,65,8055171072.0
f0374_13,65,11876213760.0
f0302_47,65,12392570880.0
f0206_38,65,9328851968.0
f0326_35,65,11772942336.0
f0238_02,65,9638666240.0
f0174_06,65,12013908992.0
f0142_39,65,7504390144.0
f0242_22,66,12530266112.0
f0290_29,66,10981194752.0
f0354_10,66,7125728256.0
f0122_45,66,9328851968.0
f0146_33,66,9638666240.0
f0320_41,66,13218742272.0
f0196_10,66,12426994688.0
f0264_18,66,11635247104.0
f0252_30,66,12495842304.0
f0156_09,66,12048332800.0
f0024_24,66,11600823296.0
f0261_06,66,18072499200.0
f0173_00,66,10568109056.0
f0097_05,66,11015618560.0
f0049_32,66,12186028032.0
f0245_40,66,12013908992.0
f0233_14,66,10223870976.0
f0197_34,66,12908928000.0
f0161_16,66,12874504192.0
f0373_35,66,11876213760.0
f0192_22,67,11153313792.0
f0244_47,67,9500971008.0
f0036_39,67,11910637568.0
f0240_02,67,12082756608.0
f0181_31,67,12048332800.0
f0065_00,67,11772942336.0
f0117_11,67,11635247104.0
f0101_44,67,10981194752.0
f0398_37,67,9432123392.0
f0182_29,67,7469966336.0
f0010_18,67,13528556544.0
f0242_22,67,12530266112.0
f0130_28,67,11704094720.0
f0247_12,67,4853756928.0
f0303_00,67,12220451840.0
f0387_49,67,9741937664.0
f0035_19,67,12908928000.0
f0315_31,67,13184318464.0
f0203_21,67,13218742272.0
f0231_43,67,9122309120.0
f0280_20,68,11841789952.0
f0076_06,68,10602532864.0
f0236_17,68,9191156736.0
f0240_02,68,12082756608.0
f0384_36,68,11876213760.0
f0023_08,68,12977775616.0
f0291_06,68,10464837632.0
f0059_21,68,11187737600.0
f0319_32,68,9914056704.0
f0151_02,68,9810785280.0
f0097_05,68,11015618560.0
f0213_49,68,5542233088.0
f0345_23,68,12082756608.0
f0077_13,68,12702385152.0
f0201_34,68,10602532864.0
f0366_08,68,10740228096.0
f0254_46,68,13322013696.0
f0162_02,68,9810785280.0
f0026_17,68,11256585216.0
f0054_14,68,13287589888.0
f0385_18,69,11772942336.0
f0285_23,69,10809075712.0
f0225_20,69,10189447168.0
f0116_23,69,9500971008.0
f0260_38,69,11807366144.0
f0340_05,69,10327142400.0
f0312_43,69,12908928000.0
f0216_26,69,10086175744.0
f0038_42,69,10774651904.0
f0386_15,69,7951899648.0
f0238_02,69,9638666240.0
f0074_07,69,9122309120.0
f0018_13,69,11876213760.0
f0382_03,69,11635247104.0
f0395_15,69,13081047040.0
f0287_15,69,12426994688.0
f0115_34,69,13046623232.0
f0059_21,69,11187737600.0
f0087_24,69,10051751936.0
f0023_08,69,12977775616.0
f0226_08,70,11153313792.0
f0110_48,70,13218742272.0
f0166_12,70,9604242432.0
f0187_18,70,12840080384.0
f0387_49,70,9741937664.0
f0255_48,70,12977775616.0
f0083_09,70,9914056704.0
f0043_10,70,10223870976.0
f0373_35,70,11876213760.0
f0353_18,70,8778071040.0
f0021_34,70,9053461504.0
f0017_07,70,13149894656.0
f0137_14,70,12254875648.0
f0172_40,70,12736808960.0
f0208_05,70,12805656576.0
f0012_39,70,9569818624.0
f0216_26,70,10086175744.0
f0348_46,70,11153313792.0
f0044_12,70,10636956672.0
f0048_00,70,4062009344.0
f0354_10,71,7125728256.0
f0238_02,71,9638666240.0
f0122_45,71,9328851968.0
f0267_24,71,12151604224.0
f0115_34,71,13046623232.0
f0179_22,71,10223870976.0
f0296_20,71,12323723264.0
f0048_00,71,4062009344.0
f0172_40,71,12736808960.0
f0084_19,71,8020747264.0
f0348_46,71,11153313792.0
f0261_06,71,18072499200.0
f0265_39,71,11738518528.0
f0353_18,71,8778071040.0
f0201_34,71,10602532864.0
f0309_42,71,10395990016.0
f0237_46,71,9673090048.0
f0233_14,71,10223870976.0
f0197_34,71,12908928000.0
f0057_20,71,12048332800.0
f0078_48,72,11428704256.0
f0354_10,72,7125728256.0
f0114_20,72,9328851968.0
f0209_30,72,6574947328.0
f0385_18,72,11772942336.0
f0277_33,72,10292718592.0
f0161_16,72,12874504192.0
f0215_32,72,9500971008.0
f0155_13,72,13700675584.0
f0179_22,72,10223870976.0
f0087_24,72,10051751936.0
f0251_00,72,11394280448.0
f0256_08,72,13081047040.0
f0204_21,72,10981194752.0
f0068_00,72,10912347136.0
f0236_17,72,9191156736.0
f0228_36,72,9397699584.0
f0316_21,72,11772942336.0
f0048_00,72,4062009344.0
f0028_05,72,12392570880.0
f0252_30,73,12495842304.0
f0244_47,73,9500971008.0
f0173_00,73,10568109056.0
f0393_18,73,11015618560.0
f0121_11,73,11497551872.0
f0221_37,73,10705804288.0
f0181_31,73,12048332800.0
f0169_09,73,7091304448.0
f0195_27,73,8020747264.0
f0307_12,73,11153313792.0
f0183_22,73,12048332800.0
f0339_11,73,10258294784.0
f0359_05,73,12392570880.0
f0095_41,73,12495842304.0
f0290_29,73,10981194752.0
f0062_25,73,12082756608.0
f0070_14,73,13425285120.0
f0302_47,73,12392570880.0
f0278_07,73,12323723264.0
f0194_30,73,10809075712.0
f0150_25,74,11187737600.0
f0042_43,74,10223870976.0
f0270_23,74,7745356800.0
f0010_18,74,13528556544.0
f0134_33,74,8433832960.0
f0174_06,74,12013908992.0
f0383_43,74,11428704256.0
f0039_14,74,11566399488.0
f0019_38,74,11704094720.0
f0267_24,74,12151604224.0
f0351_22,74,11669670912.0
f0003_42,74,12323723264.0
f0061_45,74,11050042368.0
f0329_34,74,11222161408.0
f0009_06,74,11704094720.0
f0313_43,74,10292718592.0
f0257_46,74,11566399488.0
f0201_34,74,10602532864.0
f0077_13,74,12702385152.0
f0113_31,74,11704094720.0
f0022_10,75,10361566208.0
f0362_44,75,11841789952.0
f0038_42,75,10774651904.0
f0014_19,75,11738518528.0
f0065_00,75,11772942336.0
f0353_18,75,8778071040.0
f0085_01,75,11463128064.0
f0001_41,75,12805656576.0
f0277_33,75,10292718592.0
f0180_29,75,11566399488.0
f0076_06,75,10602532864.0
f0068_00,75,10912347136.0
f0268_19,75,9914056704.0
f0200_38,75,7951899648.0
f0231_43,75,9122309120.0
f0347_04,75,12771232768.0
f0111_36,75,10981194752.0
f0295_17,75,11841789952.0
f0371_24,75,8950190080.0
f0011_13,75,13184318464.0
f0221_37,76,10705804288.0
f0025_13,76,9845209088.0
f0013_38,76,10223870976.0
f0169_09,76,7091304448.0
f0056_01,76,10636956672.0
f0100_42,76,10774651904.0
f0352_09,76,10120599552.0
f0156_09,76,12048332800.0
f0028_05,76,12392570880.0
f0151_02,76,9810785280.0
f0247_12,76,4853756928.0
f0335_14,76,13253166080.0
f0399_44,76,12151604224.0
f0027_29,76,13838370816.0
f0090_10,76,12495842304.0
f0022_10,76,10361566208.0
f0258_41,76,12220451840.0
f0314_27,76,11772942336.0
f0162_02,76,9810785280.0
f0026_17,76,11256585216.0
f0177_16,77,8192866304.0
f0311_48,77,9741937664.0
f0007_14,77,11635247104.0
f0227_27,77,11394280448.0
f0387_49,77,9741937664.0
f0375_07,77,8399409152.0
f0042_43,77,10223870976.0
f0338_35,77,11600823296.0
f0278_07,77,12323723264.0
f0306_35,77,10774651904.0
f0282_04,77,10533685248.0
f0194_30,77,10809075712.0
f0178_39,77,10843499520.0
f0096_45,77,12392570880.0
f0152_02,77,6988033024.0
f0068_00,77,10912347136.0
f0020_08,77,11497551872.0
f0344_25,77,13253166080.0
f0312_43,77,12908928000.0
f0064_04,77,11015618560.0
f0056_01,78,10636956672.0
f0148_21,78,5748775936.0
f0193_48,78,9879632896.0
f0117_11,78,11635247104.0
f0093_24,78,9432123392.0
f0313_43,78,10292718592.0
f0051_42,78,12289299456.0
f0343_35,78,11325432832.0
f0087_24,78,10051751936.0
f0263_31,78,12220451840.0
f0039_14,78,11566399488.0
f0179_22,78,10223870976.0
f0274_49,78,10946770944.0
f0086_47,78,9741937664.0
f0350_03,78,10499261440.0
f0210_17,78,10946770944.0
f0186_14,78,10327142400.0
f0094_41,78,12702385152.0
f0074_07,78,9122309120.0
f0062_25,78,12082756608.0
f0079_06,79,8089594880.0
f0123_28,79,11428704256.0
f0159_14,79,12289299456.0
f0282_04,79,10533685248.0
f0330_09,79,12943351808.0
f0278_07,79,12323723264.0
f0158_20,79,12082756608.0
f0224_06,79,12289299456.0
f0304_23,79,11600823296.0
f0112_07,79,12289299456.0
f0288_48,79,9500971008.0
f0104_43,79,11772942336.0
f0204_21,79,10981194752.0
f0121_11,79,11497551872.0
f0313_43,79,10292718592.0
f0145_33,79,10327142400.0
f0137_14,79,12254875648.0
f0221_37,79,10705804288.0
f0217_16,79,10017328128.0
f0277_33,79,10292718592.0
f0386_15,80,7951899648.0
f0206_38,80,9328851968.0
f0334_01,80,8502680576.0
f0153_35,80,10671380480.0
f0217_16,80,10017328128.0
f0093_24,80,9432123392.0
f0372_33,80,10155023360.0
f0140_09,80,10740228096.0
f0324_42,80,8055171072.0
f0208_05,80,12805656576.0
f0364_10,80,10086175744.0
f0200_38,80,7951899648.0
f0392_15,80,12151604224.0
f0019_38,80,11704094720.0
f0279_03,80,11772942336.0
f0379_10,80,12977775616.0
f0231_43,80,9122309120.0
f0235_17,80,9604242432.0
f0255_48,80,12977775616.0
f0115_34,80,13046623232.0
f0089_16,81,11428704256.0
f0305_08,81,11945061376.0
f0209_30,81,6574947328.0
f0337_24,81,13494132736.0
f0108_12,81,12840080384.0
f0216_26,81,10086175744.0
f0388_26,81,9260004352.0
f0352_09,81,10120599552.0
f0142_39,81,7504390144.0
f0242_22,81,12530266112.0
f0278_07,81,12323723264.0
f0338_35,81,11600823296.0
f0010_18,81,13528556544.0
f0270_23,81,7745356800.0
f0023_08,81,12977775616.0
f0063_38,81,12805656576.0
f0239_15,81,11084466176.0
f0019_38,81,11704094720.0
f0355_32,81,11979485184.0
f0163_13,81,12530266112.0
f0002_01,82,12530266112.0
f0217_16,82,10017328128.0
f0301_33,82,11841789952.0
f0329_34,82,11222161408.0
f0193_48,82,9879632896.0
f0175_47,82,10223870976.0
f0183_22,82,12048332800.0
f0119_44,82,13562980352.0
f0099_18,82,13115470848.0
f0147_13,82,10981194752.0
f0035_19,82,12908928000.0
f0043_10,82,10223870976.0
f0296_20,82,12323723264.0
f0292_16,82,13700675584.0
f0196_10,82,12426994688.0
f0112_07,82,12289299456.0
f0064_04,82,11015618560.0
f0000_14,82,11841789952.0
f0256_08,82,13081047040.0
f0076_06,82,10602532864.0
f0311_48,83,9741937664.0
f0379_10,83,12977775616.0
f0147_13,83,10981194752.0
f0364_10,83,10086175744.0
f0180_29,83,11566399488.0
f0080_14,83,10017328128.0
f0309_42,83,10395990016.0
f0301_33,83,11841789952.0
f0313_43,83,10292718592.0
f0217_16,83,10017328128.0
f0234_16,83,10464837632.0
f0026_17,83,11256585216.0
f0330_09,83,12943351808.0
f0278_07,83,12323723264.0
f0134_33,83,8433832960.0
f0350_03,83,10499261440.0
f0338_35,83,11600823296.0
f0322_19,83,7607661568.0
f0274_49,83,10946770944.0
f0082_40,83,9535394816.0
f0181_31,84,12048332800.0
f0049_32,84,12186028032.0
f0153_35,84,10671380480.0
f0226_08,84,11153313792.0
f0378_12,84,6678218752.0
f0266_14,84,11635247104.0
f0006_12,84,11772942336.0
f0004_09,84,9776361472.0
f0132_17,84,10809075712.0
f0196_10,84,12426994688.0
f0368_39,84,11187737600.0
f0136_18,84,10946770944.0
f0124_11,84,11428704256.0
f0187_18,84,12840080384.0
f0203_21,84,13218742272.0
f0183_22,84,12048332800.0
f0391_32,84,8743647232.0
f0335_14,84,13253166080.0
f0115_34,84,13046623232.0
f0167_33,84,11084466176.0
f0189_49,85,10740228096.0
f0305_08,85,11945061376.0
f0373_35,85,11876213760.0
f0069_14,85,11772942336.0
f0083_09,85,9914056704.0
f0107_06,85,12117180416.0
f0239_15,85,11084466176.0
f0079_06,85,8089594880.0
f0272_13,85,9500971008.0
f0152_02,85,6988033024.0
f0252_30,85,12495842304.0
f0264_18,85,11635247104.0
f0296_20,85,12323723264.0
f0014_19,85,11738518528.0
f0046_20,85,13322013696.0
f0226_08,85,11153313792.0
f0006_12,85,11772942336.0
f0122_45,85,9328851968.0
f0150_25,85,11187737600.0
f0038_42,85,10774651904.0
f0296_20,86,12323723264.0
f0195_27,86,8020747264.0
f0247_12,86,4853756928.0
f0111_36,86,10981194752.0
f0075_46,86,9810785280.0
f0373_35,86,11876213760.0
f0065_00,86,11772942336.0
f0017_07,86,13149894656.0
f0241_46,86,12254875648.0
f0357_21,86,10705804288.0
f0298_13,86,11635247104.0
f0282_04,86,10533685248.0
f0122_45,86,9328851968.0
f0126_41,86,8984613888.0
f0182_29,86,7469966336.0
f0014_19,86,11738518528.0
f0238_02,86,9638666240.0
f0330_09,86,12943351808.0
f0150_25,86,11187737600.0
f0002_01,86,12530266112.0
f0357_21,87,10705804288.0
f0057_20,87,12048332800.0
f0049_32,87,12186028032.0
f0122_45,87,9328851968.0
f0086_47,87,9741937664.0
f0074_07,87,9122309120.0
f0370_20,87,11600823296.0
f0195_27,87,8020747264.0
f0139_23,87,10843499520.0
f0039_14,87,11566399488.0
f0279_03,87,11772942336.0
f0323_17,87,10155023360.0
f0399_44,87,12151604224.0
f0312_43,87,12908928000.0
f0028_05,87,12392570880.0
f0100_42,87,10774651904.0
f0236_17,87,9191156736.0
f0156_09,87,12048332800.0
f0324_42,87,8055171072.0
f0144_05,87,11497551872.0
f0053_23,88,10120599552.0
f0069_14,88,11772942336.0
f0061_45,88,11050042368.0
f0189_49,88,10740228096.0
f0395_15,88,13081047040.0
f0299_33,88,9604242432.0
f0295_17,88,11841789952.0
f0179_22,88,10223870976.0
f0282_04,88,10533685248.0
f0394_00,88,8089594880.0
f0366_08,88,10740228096.0
f0186_14,88,10327142400.0
f0142_39,88,7504390144.0
f0376_05,88,11600823296.0
f0228_36,88,9397699584.0
f0120_29,88,9328851968.0
f0084_19,88,8020747264.0
f0060_43,88,9397699584.0
f0136_18,88,10946770944.0
f0340_05,88,10327142400.0
f0253_40,89,11772942336.0
f0345_23,89,12082756608.0
f0257_46,89,11566399488.0
f0020_08,89,11497551872.0
f0216_26,89,10086175744.0
f0348_46,89,11153313792.0
f0096_45,89,12392570880.0
f0166_12,89,9604242432.0
f0198_18,89,9948480512.0
f0354_10,89,7125728256.0
f0394_00,89,8089594880.0
f0310_32,89,11841789952.0
f0395_15,89,13081047040.0
f0115_34,89,13046623232.0
f0203_21,89,13218742272.0
f0159_14,89,12289299456.0
f0067_25,89,7848628224.0
f0383_43,89,11428704256.0
f0279_03,89,11772942336.0
f0147_13,89,10981194752.0
f0222_06,90,10740228096.0
f0248_43,90,9122309120.0
f0008_45,90,12977775616.0
f0240_02,90,12082756608.0
f0392_15,90,12151604224.0
f0316_21,90,11772942336.0
f0031_02,90,12633537536.0
f0119_44,90,13562980352.0
f0307_12,90,11153313792.0
f0355_32,90,11979485184.0
f0095_41,90,12495842304.0
f0247_12,90,4853756928.0
f0163_13,90,12530266112.0
f0365_07,90,8812494848.0
f0281_47,90,13149894656.0
f0149_15,90,9673090048.0
f0237_46,90,9673090048.0
f0137_14,90,12254875648.0
f0229_10,90,10912347136.0
f0241_46,90,12254875648.0
f0136_18,91,10946770944.0
f0184_49,91,10120599552.0
f0336_37,91,8984613888.0
f0281_47,91,13149894656.0
f0029_05,91,7676509184.0
f0321_36,91,12013908992.0
f0241_46,91,12254875648.0
f0155_13,91,13700675584.0
f0059_21,91,11187737600.0
f0183_22,91,12048332800.0
f0311_48,91,9741937664.0
f0018_13,91,11876213760.0
f0350_03,91,10499261440.0
f0254_46,91,13322013696.0
f0226_08,91,11153313792.0
f0098_33,91,11359856640.0
f0330_09,91,12943351808.0
f0258_41,91,12220451840.0
f0050_10,91,9707513856.0
f0002_01,91,12530266112.0
f0190_12,92,13287589888.0
f0202_09,92,10602532864.0
f0114_20,92,9328851968.0
f0322_19,92,7607661568.0
f0179_22,92,10223870976.0
f0099_18,92,13115470848.0
f0239_15,92,11084466176.0
f0107_06,92,12117180416.0
f0385_18,92,11772942336.0
f0377_25,92,11635247104.0
f0281_47,92,13149894656.0
f0245_40,92,12013908992.0
f0193_48,92,9879632896.0
f0065_00,92,11772942336.0
f0200_38,92,7951899648.0
f0264_18,92,11635247104.0
f0108_12,92,12840080384.0
f0092_16,92,11841789952.0
f0260_38,92,11807366144.0
f0000_14,92,11841789952.0
f0097_05,93,11015618560.0
f0173_00,93,10568109056.0
f0169_09,93,7091304448.0
f0086_47,93,9741937664.0
f0082_40,93,9535394816.0
f0138_30,93,9053461504.0
f0374_13,93,11876213760.0
f0390_33,93,11153313792.0
f0360_15,93,13012199424.0
f0332_15,93,12151604224.0
f0056_01,93,10636956672.0
f0188_36,93,12426994688.0
f0396_05,93,7745356800.0
f0244_47,93,9500971008.0
f0163_13,93,12530266112.0
f0211_26,93,12667961344.0
f0351_22,93,11669670912.0
f0203_21,93,13218742272.0
f0179_22,93,10223870976.0
f0115_34,93,13046623232.0
f0151_02,94,9810785280.0
f0067_25,94,7848628224.0
f0111_36,94,10981194752.0
f0210_17,94,10946770944.0
f0298_13,94,11635247104.0
f0158_20,94,12082756608.0
f0342_31,94,11428704256.0
f0042_43,94,10223870976.0
f0353_18,94,8778071040.0
f0129_32,94,9466547200.0
f0261_06,94,18072499200.0
f0233_14,94,10223870976.0
f0157_12,94,11531975680.0
f0020_08,94,11497551872.0
f0344_25,94,13253166080.0
f0000_14,94,11841789952.0
f0288_48,94,9500971008.0
f0128_00,94,10292718592.0
f0100_42,94,10774651904.0
f0192_22,94,11153313792.0
f0399_44,95,12151604224.0
f0019_38,95,11704094720.0
f0207_46,95,12117180416.0
f0369_34,95,9948480512.0
f0237_46,95,9673090048.0
f0245_40,95,12013908992.0
f0333_01,95,9087885312.0
f0037_16,95,12495842304.0
f0054_14,95,13287589888.0
f0042_43,95,10223870976.0
f0170_40,95,12082756608.0
f0182_29,95,7469966336.0
f0202_09,95,10602532864.0
f0150_25,95,11187737600.0
f0320_41,95,13218742272.0
f0152_02,95,6988033024.0
f0168_36,95,11463128064.0
f0244_47,95,9500971008.0
f0280_20,95,11841789952.0
f0376_05,95,11600823296.0
f0208_05,96,12805656576.0
f0364_10,96,10086175744.0
f0300_24,96,10499261440.0
f0115_34,96,13046623232.0
f0223_49,96,8743647232.0
f0295_17,96,11841789952.0
f0309_42,96,10395990016.0
f0377_25,96,11635247104.0
f0281_47,96,13149894656.0
f0337_24,96,13494132736.0
f0333_01,96,9087885312.0
f0214_05,96,10809075712.0
f0350_03,96,10499261440.0
f0202_09,96,10602532864.0
f0282_04,96,10533685248.0
f0066_37,96,13287589888.0
f0110_48,96,13218742272.0
f0394_00,96,8089594880.0
f0278_07,96,12323723264.0
f0266_14,96,11635247104.0
f0333_01,97,9087885312.0
f0301_33,97,11841789952.0
f0357_21,97,10705804288.0
f0195_27,97,8020747264.0
f0239_15,97,11084466176.0
f0011_13,97,13184318464.0
f0000_14,97,11841789952.0
f0176_30,97,9328851968.0
f0108_12,97,12840080384.0
f0204_21,97,10981194752.0
f0036_39,97,11910637568.0
f0200_38,97,7951899648.0
f0080_14,97,10017328128.0
f0206_38,97,9328851968.0
f0230_04,97,10740228096.0
f0022_10,97,10361566208.0
f0030_12,97,8812494848.0
f0370_20,97,11600823296.0
f0042_43,97,10223870976.0
f0362_44,97,11841789952.0
f0276_07,98,11050042368.0
f0240_02,98,12082756608.0
f0324_42,98,8055171072.0
f0118_07,98,12667961344.0
f0190_12,98,13287589888.0
f0126_41,98,8984613888.0
f0029_05,98,7676509184.0
f0017_07,98,13149894656.0
f0065_00,98,11772942336.0
f0393_18,98,11015618560.0
f0125_02,98,9604242432.0
f0297_05,98,11945061376.0
f0209_30,98,6574947328.0
f0019_38,98,11704094720.0
f0131_03,98,9328851968.0
f0303_00,98,12220451840.0
f0211_26,98,12667961344.0
f0295_17,98,11841789952.0
f0251_00,98,11394280448.0
f0399_44,98,12151604224.0
f0362_44,99,11841789952.0
f0166_12,99,9604242432.0
f0040_25,99,11635247104.0
f0220_49,99,10155023360.0
f0336_37,99,8984613888.0
f0332_15,99,12151604224.0
f0364_10,99,10086175744.0
f0335_14,99,13253166080.0
f0027_29,99,13838370816.0
f0195_27,99,8020747264.0
f0079_06,99,8089594880.0
f0303_00,99,12220451840.0
f0383_43,99,11428704256.0
f0169_09,99,7091304448.0
f0297_05,99,11945061376.0
f0377_25,99,11635247104.0
f0389_38,99,11463128064.0
f0253_40,99,11772942336.0
f0033_49,99,10464837632.0
f0057_20,99,12048332800.0
f0170_40,100,12082756608.0
f0330_09,100,12943351808.0
f0026_17,100,11256585216.0
f0212_24,100,10051751936.0
f0228_36,100,9397699584.0
f0136_18,100,10946770944.0
f0172_40,100,12736808960.0
f0153_35,100,10671380480.0
f0289_10,100,14389151744.0
f0329_34,100,11222161408.0
f0125_02,100,9604242432.0
f0331_41,100,9500971008.0
f0035_19,100,12908928000.0
f0367_33,100,11394280448.0
f0235_17,100,9604242432.0
f0167_33,100,11084466176.0
f0127_07,100,12013908992.0
f0311_48,100,9741937664.0
f0343_35,100,11325432832.0
f0095_41,100,12495842304.0
